0.227533338966018337888847755824081368557558628197885480385083388169345076307324665295471141212259025640772697824086698446726850645042735444082444938934285284070767463839312900993080746188343986909347381431176061792394888988847304757423201299234145821715319051931903266000715592136695552662652716413209446562195500076627862859703697378085649888009439447111656222514227274246742774523762053155586527690863455152306907670288914653466
-0.01907930152807373271836819082290120072935137877627741806477131942180294348464642488421747644320850332771683331217091003315129574469253907022659837452257371083399642535157689953227511241297789015408254201887947474332693581963400698294919358408339702012317296424173714301620241981006475105178163505893507387291106449565428454777250225686090820758129109385333327755090494203047278822543542786363929597927093462671191363044516254303041
-0.373639038703067559864387433750571907465868498572845335164309752540893531326626562527591209503134556186084316120875543426295346740968737105386752620994589511583391648970504756327536094365085947805510740467855101313803527002473590681741714014491696659227044669308799353028467287939993302019035208382239161559905811843716018162331045924853768389592469550198479129016227343732301265383674274465090618638204137500522528224685316589915
0.1163057804686585693176584605655666070882143961710373499327318823355898203046708285065907628062310511245625133210900503775735594002060795135500289466422663648112229452982745456782970259372715173255175091652672922715825534733468040321847876148116332326157616176853996932735930627232744539286106010317533706388062608202680408807321571544458661765899866523589145818581169061269070117777150897729188036610970165639358401187856025608878
0.007255491697890803218255043555730240624151687082916757403715758283790227960487163600668302002122362129035727386424122764524408231845805090416060463569517823233996673034128891806622779439897963091014571476788709787635939261170447010861101471969235046826274419381539918803398532112970696129492334653062024653220135119655755592288112037631835268781736703538801471164685918680153421315637265802751844986174869236758083201072112813896994
0.4541759642080686463005041810351649848296206836811650759184581911239357814508145247627403615762249338437151869558279612169700534837097683542139269442752313844908559576923522392199463253462423283159878240163788818385822510294683672871510255262902231788221144847511504437784354618442963746348901976282370935162737624715956390364860887427738795176766013615483795850286643461681448112711923098575745731114125123402641344872489187402558
0.1932608106659828353125394413469725357711035651544504241502213507882405132286216552703681608551015854207184531432819330890132943638108675944344776753588466181503716879543874538927904552785714519299538264164918470891482664542798474519193463111170264050981780533689813232798318696364808973327701173713211896084816694156739383752623256239560937846749440184909766868889703245689029683337672649402405188736871585215981685849466617848357
0.1404015841982787705083658091726781795001056594773895836178246566004875055784749781369904850493567406812375417092533028332715967814292994996967153841886073975591666177653898353722056173056786352128117599987999329080575865401625889236627405935016558908661570748697298014582017889101385296985591355407352050699655438543964985287226138297951234956083761868861078179555417057899191006416880425928744044842116905406870894663355248666864
0.07271032152921378120054585526017606649125387765623049901296540187396592136656743739437322966951423568401833254543137279698054089798232109247979566047456063441980412264243832814837984913497229036979525721103539993774986460710676239498231102434335919973097670814216784504283813727663764334407151163468924572082962146303331768301416367130919807585821457967797894709801198205347920109556321417788750119957897713094405057653437045139115
0.04729252116611369836348148916118291389396765085138429011100825416615100045181221456080208122528984878799214008504605301113104847094373669724209120540431750796887276737700588873216134254906745056230751264940073057523206653881485263698305825996949349176142077310737641937815108442211948569614207915126885824426791948503186196632796687493672378598962663287036932779825587320885858415668491802753234892316481810326293027326526636770464
0.03157245987041861430787406036110027938733269833611679903372003084409727034698409415249854012351914868715749541220982809656857920509399800112524508247034492086719648876601831691777926985955930284011691907169860471594054536720237265096653663256121295435130798185472269785083192570844752001177700580632745042720987521581730362384274296682519244783516687196646648723653426314301635910005902626492331405513110402071748236259258480767065
0.02326212408361612396568018287920839059684560126007610986305665230762156398677872744576243870522034497983040151081153550630093707816880039610291047724568251173709236719823108784733353827439830348868830853598084598453673968563982126717368117489056806019660328571134291473834624207581489409696481321038950771223553295134788098218787448551557650807989476993410841924755613448095360643803404723161182951712708635253997805209359750723347
0.01736173431375279264498234918713395615736474665688551426048056249345758208934159497981714529039863459470783163205341659802507426800650969797795543636776002485489897310853016722700210843608010478798814627113102139860312245087979909042588523608909571943252177374082432680696932251838366619626628616026503054662936573209049523053458431778946097973682761082628770924125159122010826512013876434683247237278880519695674478800134060284469
0.01136660852134067397870227301837326354734249913047226133476105364903613913385593625311515328546625801096648667932256582750847232242968451027880447883347616955883169988213667400446277943154301392897636060706737698997110341398143702346804378388196498103629945028732854526315761404850543990252500036583617858152293083489190550373285041361964714242684787642337945829737473150438233621180974960344112907353013427684621963194460585204974
0.002743764179184907784165153458896554285093392164426503430114327050164707428070275433524769937621870322625532024590353617599694540527171012955257073193602549927529429698037442704860659374997956570973897220820273610394413934993178437308960768800564839048122814635854684080984453324190941369752803454860686661486161615154442471554952458009445538713665339297362219013517840710610089069192456444544390577642137191307762681425880800025272
-0.01355731091966480117369204495529841233300033549451409075603833527629571318787109071960847509663579687696381306355349000399531558519940730842897179758542853921590775158679945805495516995209632112464920981228488700365218394538710636239447540058409295119362669364213502344201999523168622210465871486640519200563007402159510236377363518856061102341537338731313141965075723636755711136814888226180509434621237937249057821712813998423688
-0.04008387151897297851273047038372447590714550328354983950453543887217206812471430868261812874188494872054902287605785555351916557464390072039361656225000068712523154226048708868798907509071085305991090730310134263777878200856324825506787690723758353389483856568166177952591074817609634244320891871478960309033501249824125784745510674831713536290648608993982811833824678457923295752470611693593183234719809986053746045925544506260111
-0.1093202287127876483136959603173568136799073800179727017630544582479357010391478028341063272632052754113283375015994048861307612412882384803523103720981336011510228826246123009543088941966694780822374344533977450154187336191182387110250256353152960217202047708186841117201054073559489224335935419980558422591470074870685083987398663714331974611503815660507270112909539952418408500857157382895697543993734751514019058021398588670696
-0.1665325784561260180536175398914189245002343416568870209410115037432616144809539888384792397826793444302208067598696368698293903031582055201539458042815887013780777471463883581138490810333036529956464448372102856237481514469752643231101900427786471421700381912682328444886950729346484591251725260759279548309100452457825545372359275488358557904609296885277563730425117492520415662975870523477492308405022934070336119080390875428753
-0.430915119621972087856313543477998527284859755961719060546786499860832789846533783866756166482042529649946087322976971090946297105954795880386801938162351272927582384301228404831364545147172482770127435383962504294299274791813443675241137685510695553866294149250566331369388196893860273960598641777424437938642054732657443765956120316618026438274401361222631321963875304905214028695787707709219629221710436329598577371244650829937
0.09846502958921448466781018655078390614325210769108487541684303671658942035207554417229371253653378849465087502772611237740400859340801270395122143109623624380047400832656100752398753415471790863054836257644865198109343382421808167115854216812975301518301164338518632917615145227842808103058548416579728573211363601172313111291402180774423424031160436274375766175798588047963567325368770130342473839855633537873457400353795409554496
0.1400616444250590353822975241313629467684076165786337011427992635359938386754832338791355954575646978765213071281388003640320951687897382639306796092384953756902038729656167088173226634299293273434038655539122751504199962507507347941118900834601526668241309641676681301131131117079407710983796442499689837441576661891901642029822605364256446138902896435266976411349316943402224682371117262332782441887133086864377828659955535281601
0.1697812854971344583140988465055447836810125514921778513021157692163564020432097854486583619005605208252608101438905681115584721289569701410633016384759992326721468458306885048309178366828248440507345613891673249318640552266980349086628255901982965144695654115525006082429355636744415596440007834805145064332081383615428562139759648738308675226312256585031974405855494545084019568289949462321674099373537376405896353111808609608231
0.1843380416498171970309591138863290577174312925668600357069200780014892010762612806856473540354369966205754353299895296624951138837785880411274986606493260110297006198227365979962927117478999404080607571897019963245954233004621452160641079291150528622681863653226842475300714046252833188775370142226011302828310854860790182238487265106196471406510048658314542582004142776231739092934456595047646272549926616490669167546894162460006
0.1928870145796877442063346395045109679330282283154186250432301722346725175973336977820660801006480820008701220634697219531956137123494536522231516382881857056609859212435349069388242168688972649215506878322612168992131406582207781117937647971783569372546590899491706491863318756406830703556065504389486616525229563404667341526050792154922517008675589414692824845206486654100020178821546696442101162040245717587454404769753254314736
0.1975635035605944698078285897533559612466214467077758218979627313027458932238541086627640889250941558722776681762094430358916563903041460879767269931506052798409725430204380454897325418185051070046852689601009755443590776246741969200724434615997886034136100847168929343214139959145933993171312968998156008134766356366094635296478551887139820804763292323789781703603686042998567902968161475714125045795961130230675733488936795042771
0.2000669599968227621626275524984293517159592378961713666406031808004117923151105960456910544921716163217938867623765518225439210636072497774483177876679073782252079788000317498198145103054090751365394937660422514806780074520264469734513166007405211425387562425081960660052914898924129604199945947020984965113160341568413671482265674094968390204098966627687422805695810880641684812519471601654475763362766828302613685095912969592438
0.2011028432570614659713506125322348362956528631199391450645604772836871607093144439020644217927375268342539814185825773844484090153792032838851583586662670994966212826901929004698431983217802066718008295835737032242091969692167867468457109636998585008979643148778678180272098969628677938512432829319469735011205166436247713868140782222898680055992493426439776966203876692022706114300422071899356821785186338756022411259124974801571
0.20104138893862666329433883932508289548029855032466607984689164742434832238808661103577952452572181329849349437913979379672685746933942559247938543730019361236397728511631635680286697715078227188513847382330775582659903971792176964652844336004069616969613614002092761416837490545403807624344840812344144813966855349897701531146100667613386028261345502630461275037673595930676584270693315573886434419054803445459907188155478331165
0.1999250250338699014039798456930855440084554838432800500431752910144121417013559015889698921546848881733546890526807022824887248385824513755284721242486450355386519872095712984107196406834602248044544450375696308061494502807608430174530877017675305100055490097916947903719014100684976138607458501534646543683060743459751453663349477022486302759192885318499422269531055327299612630377337840393343372855396702350336894897953346439141
0.1978715683956089526207135704796058461139810945060752104748384980456078543271749730092296012617600477296380659685648514881114911520132506485248840581183165480620354652383329880877420058303054213003296708902206940627626662143195875771985737443261415705180089706747239354338644688755316638776595739417740730633724437978095554039605463210406310548237337203564501637730029504949874810534262600905768634001806029789760038392581048909956
0.1935776517867775235250972689241111606571376944395875557202484032932394735837910996436220236271783593392041891858939684518172612583506913031646789435175282217675005772425027497024979149477288027802785583376110580383873762742339335117641110642651074314081213314459729484314248200590012351477118556680903065130093617340040305063941096859794979969597238865929314903443658721870699986691596015266216590585804249619720313086650514676321
0.1902374112216873615656576431062930600645562247248406877145252875297876098252721422330088491913233967359377494895491475953601137064819011315444201604865371593867558912225881067731855789737847051341852301783601710939726265976644590481953104352430438143998810499269223218544646386769334677631779389659435709944594602133822721405420245235926932975021670659360246737869979824652615723526944215016381816573072187738300535849932059445141
0.1695343553466554493747198141360139171019283205533214796743339199792091116987738542814806968808207750077798424354441570147960170601449199160017578601469247857132349822919203295206909922482822446680394021171968738376025991797306062558618883832462529716057692515166125341662608739454548547520030658851364348944517213108628188607340092094125239686357036629280960336595078959085361883657073722463182479918551283969481872965774298679953
0.1709678449318054879536458370248213971704510156627282054066904787677114700605353869489940228374359076984289721093085846547943035010662825775105403735433247422331102379637082787357908432109501243993123281634684684248997321918304313156439275829192972322128434205944265788552679298222937661760160603316181263576261139297427573269528582018468705762838566595046707563981019027948641851168437216284533833089148040423006981248358085473935
0.08409514042345434594416356607547941227455122483477683468937023245101192137840990131831852246476523633035402448903560548781533451375903105452344925512416880569801217410337345076540535658888794604253983362789182414090368905720863903920248785107872497671812756164842310057712471102762456468140084726020554154546676294309109274540480295883318151408782564846233623420458112783342570910258799368183212792051470151194545502337849525513672
0.9740830920250951049741718676334343404689127046434838028146751362455182227737073763974293209250980320664614001695441964200798586204032641191272595768948807871386526100836299180889055476785740509664481692868340474964327765393110329815398684883598724763744291168554527386695606418534623068284907904826567871546909497546869491989853128307698114407071281186783099121116923585965790516102624324777065720557666174577008652820163040200919